300
950
366
562
140
188
715
715
94
203
975
873
906
408
791
891
397
214
848
819
250
277
578
181
402
805
499
620
960
333
339
279
34
580
606
142
573
702
478
370
350
477
962
574
504
780
34
899
646
960
124
688
391
604
636
528
321
530
369
456
799
738
666
151
777
504
791
12
700
738
579
120
899
243
657
224
394
512
616
39
884
284
346
369
766
140
379
760
477
57
490
677
60
976
992
471
876
131
146
735
557
87
819
988
860
184
115
20
845
362
960
644
911
135
743
47
556
840
6
397
377
127
797
905
769
86
764
35
949
309
287
169
453
674
932
610
996
604
304
448
639
101
945
483
547
903
239
81
213
688
464
597
937
386
974
714
497
295
237
875
425
891
897
790
28
908
286
850
300
549
835
176
194
419
671
928
273
106
250
461
641
166
276
895
186
629
303
648
599
47
358
561
318
544
633
275
557
273
825
659
831
190
938
191
928
81
467
380
140
327
717
509
627
972
606
184
235
305
769
486
711
282
900
745
249
818
294
331
510
175
268
184
802
443
690
192
880
340
149
944
909
407
400
834
520
992
587
955
483
268
412
759
491
975
849
961
722
453
237
772
350
36
552
130
918
849
493
234
574
585
527
345
459
881
419
537
166
520
888
781
85
777
927
519
612
912
32
671
651
949
39
847
596
637
532
370
959
697
802
618
144
144
