2000
341
732
782
878
560
274
895
177
124
459
52
999
951
359
395
975
496
610
838
188
102
861
430
382
974
883
431
361
23
654
89
159
78
798
999
825
734
550
835
276
396
13
190
506
954
869
242
603
841
827
967
422
170
79
669
510
53
699
658
800
165
473
10
924
131
892
495
505
309
119
892
610
128
592
136
696
194
538
956
728
25
85
919
854
417
851
94
950
97
855
863
609
585
349
771
650
877
694
665
10
856
729
822
990
166
172
190
164
577
452
334
901
765
66
226
393
846
947
509
263
876
590
484
323
61
651
627
822
368
539
118
565
760
81
492
613
350
669
255
896
340
438
991
940
731
940
300
108
453
438
637
191
721
447
4
924
158
371
238
24
457
147
574
644
132
586
55
706
203
729
294
446
524
890
98
651
801
221
453
473
253
580
417
425
333
186
541
145
821
74
530
772
173
601
4
343
963
376
370
431
869
771
33
369
693
840
366
785
559
868
162
856
566
945
548
632
848
953
667
31
223
86
809
605
345
572
21
991
533
564
680
29
303
270
914
898
899
274
281
251
51
633
588
267
546
811
294
730
148
693
496
741
856
950
114
419
481
798
523
25
69
747
529
225
710
306
300
880
910
712
590
578
780
672
338
347
967
789
526
411
431
813
4
601
877
115
833
55
896
813
582
102
649
773
938
872
229
346
930
952
673
21
39
629
962
391
486
616
252
712
21
915
16
101
618
418
704
886
564
134
80
920
589
475
362
743
830
855
877
288
623
975
37
491
353
557
22
549
836
959
759
765
12
58
412
890
37
26
859
617
220
148
333
424
643
602
714
272
697
237
734
752
229
711
721
154
474
25
352
614
443
378
308
872
984
501
631
471
314
99
64
162
393
793
636
106
194
21
288
0
528
660
384
616
837
757
535
359
48
660
303
363
374
976
967
326
723
280
749
757
187
202
584
567
966
558
776
952
933
467
646
347
980
995
599
811
228
725
850
587
157
771
444
736
731
208
84
678
611
575
722
206
655
101
825
20
970
562
727
131
937
235
491
525
800
240
284
358
577
672
315
529
308
308
58
935
912
369
567
864
179
739
448
974
810
314
175
44
693
639
270
219
55
806
71
795
499
671
659
658
410
779
832
403
666
75
895
783
130
340
420
597
900
570
81
342
913
920
100
943
48
676
873
682
556
710
838
975
275
238
702
32
807
287
769
525
539
189
173
319
180
581
521
993
239
835
595
370
724
613
490
503
174
201
818
599
15
646
356
201
185
220
837
513
855
670
435
135
114
797
829
656
455
370
657
459
950
47
595
823
85
8
252
934
302
220
572
642
460
849
455
937
569
119
868
884
355
72
798
462
445
35
19
83
213
304
805
826
627
487
386
326
743
198
158
65
864
300
416
304
757
708
642
227
720
813
175
970
771
986
454
50
682
238
868
415
93
35
665
735
496
478
279
787
432
557
933
798
855
912
323
372
259
638
756
213
811
953
145
175
440
183
847
327
563
406
476
596
881
265
441
264
468
913
161
55
203
799
608
793
438
12
79
662
692
192
876
886
66
614
865
275
22
894
740
428
146
913
162
554
528
993
875
821
435
23
305
842
4
280
108
426
811
882
663
989
298
434
476
99
181
195
61
457
207
240
934
264
795
471
971
301
417
2
529
269
818
411
433
882
503
557
101
975
314
216
873
400
228
555
837
824
1
566
281
608
665
915
237
846
414
338
421
288
878
608
315
317
362
316
32
351
175
191
90
73
788
455
199
650
183
743
699
665
437
470
341
857
256
113
684
851
937
787
507
4
955
649
279
149
190
144
917
528
626
805
760
403
189
377
951
926
305
297
173
608
644
168
8
363
477
710
7
453
56
809
948
831
423
730
634
311
97
242
43
713
173
388
571
642
445
931
635
831
319
0
894
39
444
347
940
356
174
697
356
383
213
83
693
148
54
716
40
841
96
918
568
389
676
851
604
659
570
327
578
607
924
736
430
997
993
259
875
430
488
858
265
260
831
183
667
680
135
475
139
657
220
720
170
642
612
833
653
962
18
369
805
612
435
354
941
686
712
128
70
75
65
700
877
154
803
42
776
102
233
870
333
189
567
961
605
819
409
757
574
392
302
45
166
52
676
794
84
232
451
796
987
477
510
636
409
413
223
661
155
892
213
5
823
260
600
488
528
451
21
133
877
72
848
363
707
955
120
447
168
692
920
623
234
550
85
417
874
735
376
76
673
434
503
717
882
225
691
711
547
410
761
120
570
601
105
438
304
397
279
779
568
313
358
639
753
231
672
807
51
482
969
567
678
369
613
315
397
352
926
877
547
331
378
323
257
502
912
829
531
984
349
195
376
42
454
938
258
18
969
518
703
259
621
117
2
200
898
581
644
454
144
592
242
273
384
856
480
916
100
125
790
578
102
160
310
281
525
332
923
759
949
392
49
734
594
130
214
139
577
7
323
778
241
597
1
634
639
644
314
552
358
782
689
272
22
568
874
902
933
248
321
695
563
827
482
703
780
389
114
219
1
290
841
133
717
795
900
320
173
980
211
878
341
213
662
621
703
357
761
499
763
880
612
747
693
460
538
421
937
268
491
636
167
75
843
278
471
519
42
154
271
328
97
575
32
120
851
117
487
377
512
902
742
586
985
60
357
100
119
165
175
195
120
359
484
951
993
551
852
63
120
546
799
385
718
223
350
85
229
917
356
513
425
934
415
536
338
787
164
903
961
58
688
363
15
980
794
689
10
761
954
451
229
405
783
378
228
259
13
403
974
823
76
47
708
417
564
617
228
135
16
810
351
145
744
695
928
815
633
739
947
313
169
468
928
308
241
628
41
162
644
175
101
505
585
282
891
437
886
578
48
652
64
221
100
706
915
51
103
261
752
970
723
596
978
927
559
909
257
348
921
907
139
637
331
985
637
405
480
846
911
428
475
766
910
928
764
834
568
691
272
393
881
668
909
617
3
197
804
608
315
706
330
659
268
754
222
357
693
609
866
26
177
90
153
580
64
299
109
251
597
993
912
819
747
775
754
885
305
980
501
469
877
124
21
718
544
52
545
769
61
459
481
895
654
299
631
905
646
703
835
385
407
405
742
786
339
383
474
541
929
330
711
376
209
840
882
718
326
708
904
652
292
510
206
167
413
749
555
556
340
194
543
687
154
665
474
526
428
479
779
749
705
930
26
457
464
709
32
70
186
886
619
192
817
177
27
859
555
494
107
889
598
442
957
202
227
260
816
863
329
934
660
320
296
619
134
745
10
258
167
661
513
322
849
63
841
851
944
52
377
599
686
593
98
911
390
395
982
135
722
65
921
753
415
607
492
161
635
93
6
998
150
799
380
165
969
403
482
271
127
900
801
35
856
726
442
295
470
218
731
663
892
945
911
560
937
629
760
275
102
340
237
972
862
409
646
58
193
38
168
136
324
886
40
836
529
11
114
190
102
430
978
846
525
214
356
348
243
461
45
905
395
725
188
566
291
480
326
483
453
966
272
979
517
333
529
488
404
371
683
33
696
174
897
787
319
86
421
469
259
863
812
746
225
553
375
562
882
763
194
339
525
77
8
281
832
163
91
589
658
721
257
279
629
795
76
394
720
126
403
877
848
170
349
20
968
111
924
445
127
714
646
787
403
139
572
842
693
904
363
741
879
9
187
831
969
907
499
349
427
357
994
622
96
420
311
499
726
829
401
957
413
689
810
330
927
19
533
399
229
950
470
702
263
505
22
723
444
725
779
314
140
609
799
592
842
739
521
776
643
701
888
906
114
399
908
154
656
160
472
491
935
70
944
786
44
339
714
48
663
625
646
396
561
125
102
510
463
979
15
798
467
944
318
216
938
595
864
716
0
316
880
581
577
167
900
511
187
297
68
142
582
971
684
857
648
410
883
170
902
596
343
631
365
917
47
240
521
21
164
576
588
521
292
423
347
284
458
502
325
853
449
10
228
189
312
80
110
337
83
938
953
787
113
492
985
287
688
309
273
611
970
488
900
323
686
677
275
869
416
633
951
465
738
12
665
79
23
775
164
495
124
491
795
873
793
16
770
437
189
542
470
931
476
736
141
256
118
784
882
276
172
435
849
114
532
789
218
397
865
445
536
797
671
808
770
934
755
789
522
142
161
899
599
878
521
722
365
572
618
78
89
528
897
739
791
92
601
447
938
669
183
98
705
329
654
420
417
690
576
115
214
472
458
487
956
625
451
797
855
217
331
154
375
328
961
580
468
44
590
985
324
265
598
206
411
452
529
896
755
638
583
44
56
969
5
120
488
820
222
358
747
57
904
493
183
313
599
341
685
258
976
979
294
720
246
920
405
158
800
590
816
434
654
646
804
50
881
118
887
28
770
177
904
359
137
322
577
565
842
158
794
201
268
509
403
305
263
529
446
670
779
635
423
526
264
534
329
684
642
365
939
431
614
988
45
514
864
738
150
370
684
569
387
317
466
342
313
850
518
175
555
293
611
182
228
40
782
641
429
298
903
619
111
772
720
330
119
20
103
71
181
228
505
406
231
60
761
362
513
810
601
814
814
