1000
834
555
332
199
359
414
388
323
423
616
425
861
795
282
407
233
688
622
255
692
306
73
981
702
400
985
859
661
259
859
159
286
16
848
9
970
50
730
103
676
842
854
47
481
583
614
346
731
461
870
216
852
580
320
622
271
131
291
219
567
547
551
158
934
83
753
24
252
455
847
558
618
921
356
164
937
464
681
645
297
549
756
36
186
238
186
903
253
343
709
956
251
690
232
395
995
477
921
964
646
205
825
279
417
623
301
655
826
668
53
309
966
446
970
505
859
854
50
948
863
602
613
485
264
11
702
967
657
164
28
936
422
686
68
668
660
679
973
977
217
119
733
100
23
296
652
939
821
776
575
901
515
650
437
591
780
825
666
654
277
452
686
143
820
633
266
862
84
968
735
306
13
590
160
955
903
835
428
888
240
839
781
920
792
906
781
690
89
716
865
468
407
52
611
717
607
977
597
844
665
136
257
932
574
112
474
661
342
578
706
85
186
341
362
402
651
215
757
353
337
76
462
453
68
391
37
796
886
937
167
801
959
478
997
893
584
631
20
777
778
256
212
655
556
261
261
477
890
851
597
64
524
882
675
727
274
177
378
853
147
368
710
737
682
61
925
876
168
914
108
809
996
506
781
566
261
726
492
740
854
769
505
243
745
729
659
788
807
212
151
278
575
352
536
335
553
102
501
352
262
708
24
630
30
811
397
333
649
735
207
236
406
104
756
511
681
117
644
52
241
456
130
202
605
45
722
60
377
591
905
969
231
144
286
155
313
686
484
975
192
125
20
696
128
921
52
206
346
975
314
662
217
338
772
580
728
770
563
530
383
170
512
196
734
399
153
260
75
116
445
217
417
792
581
20
793
220
123
149
76
452
443
525
966
322
875
520
549
365
264
115
813
257
620
212
848
599
386
961
992
247
451
942
79
163
390
19
71
181
580
661
778
943
781
619
87
721
494
860
86
775
893
808
754
423
428
48
429
979
255
832
89
323
484
901
602
913
876
392
490
672
16
833
415
373
183
534
565
757
109
998
333
897
569
326
232
17
263
980
738
287
798
681
884
876
625
660
751
933
715
966
653
994
363
35
759
730
996
273
52
879
37
972
63
673
914
477
541
45
60
168
301
447
330
469
792
161
594
810
567
557
398
183
696
886
489
692
374
846
693
301
388
323
99
788
881
442
748
769
836
290
84
552
34
458
201
487
773
847
540
418
548
22
58
830
2
773
53
292
868
431
756
841
376
926
533
1
533
524
34
266
968
694
915
988
608
560
808
777
228
957
83
732
79
196
539
28
160
268
609
658
379
354
808
420
807
192
162
539
461
74
77
705
570
982
669
644
67
635
849
803
154
53
601
134
109
543
717
467
181
926
957
464
324
175
1
671
733
602
805
790
609
172
966
851
393
535
478
640
697
866
835
378
542
676
773
346
88
344
70
892
955
239
744
998
389
928
644
380
992
179
946
924
476
167
274
111
898
522
219
940
144
646
847
832
22
35
366
882
144
168
503
836
970
893
320
184
771
151
93
779
984
302
648
477
425
276
3
390
86
269
490
491
783
730
548
441
768
946
277
756
513
590
414
607
266
264
836
845
676
173
881
102
694
771
715
175
237
426
782
209
590
890
836
620
333
651
436
93
645
18
825
430
221
159
20
523
651
172
604
218
56
641
101
375
965
115
112
19
916
346
308
55
11
163
231
671
729
369
360
216
607
94
285
23
16
625
928
397
164
881
690
726
607
306
45
469
27
162
625
610
747
917
50
0
502
651
801
897
239
183
273
947
349
938
684
763
545
399
952
275
783
352
774
991
11
53
81
395
265
847
782
730
600
765
187
558
608
85
804
605
830
883
243
559
205
174
839
693
790
279
188
415
393
740
248
101
426
183
791
855
249
279
10
169
486
104
813
794
353
983
856
544
790
166
712
132
299
474
645
622
742
420
336
530
990
147
573
125
235
949
354
36
5
55
59
807
361
831
376
688
575
533
411
547
593
285
5
472
942
999
620
332
338
550
268
268
149
625
877
885
34
332
179
660
542
820
659
942
186
873
377
742
513
712
485
425
18
959
86
291
282
83
689
30
637
441
852
950
735
423
811
966
876
80
791
282
623
82
442
866
227
780
318
841
647
668
637
106
517
532
572
626
205
174
227
53
253
632
21
555
862
492
647
987
768
984
962
838
794
277
101
700
615
569
896
365
780
340
194
28
836
379
987
509
484
24
352
824
35
393
96
954
108
232
636
117
409
415
95
441
654
81
809
469
152
821
449
548
378
378
