500
257
166
106
430
665
40
664
83
725
536
49
659
746
523
350
6
724
4
566
128
374
416
827
125
716
925
804
621
402
101
32
694
1
397
973
125
996
718
912
894
373
987
951
251
247
16
641
358
173
182
111
454
432
385
821
729
810
508
473
602
131
132
943
924
75
569
579
660
622
385
580
10
797
449
714
543
259
192
99
847
678
228
343
410
773
680
870
917
352
562
913
937
677
371
240
992
7
564
378
362
237
995
775
557
115
451
88
321
673
401
517
142
102
684
920
781
557
417
262
979
13
571
772
588
587
756
123
637
503
555
808
418
171
305
867
560
701
667
84
180
535
413
788
642
782
854
421
133
272
11
122
281
299
164
667
277
537
667
247
543
602
10
721
779
332
925
190
369
904
984
953
492
557
523
176
971
813
938
888
835
789
336
235
829
395
317
294
576
958
150
112
958
85
958
52
301
387
602
0
345
18
826
426
615
860
899
829
720
577
417
628
335
683
146
127
71
259
796
791
243
913
395
705
567
134
491
742
154
208
760
677
789
501
724
199
353
979
186
546
444
529
687
261
683
794
734
394
954
967
852
344
810
222
467
394
602
234
528
914
463
556
293
177
119
447
138
665
673
112
362
796
898
226
940
17
306
39
855
282
229
311
170
53
417
837
280
63
218
334
820
291
212
21
604
742
306
305
527
906
662
623
833
982
538
613
302
282
33
478
882
514
4
637
66
36
901
470
824
513
105
257
212
873
395
209
892
847
550
844
672
919
741
792
795
958
258
550
213
399
370
624
227
371
557
946
929
795
134
469
648
96
361
349
148
858
409
184
699
411
217
382
246
111
128
814
829
797
386
599
64
715
21
11
4
20
382
235
920
823
608
942
580
609
607
393
435
814
711
151
691
244
11
245
637
28
548
54
756
808
930
55
76
877
667
3
946
94
504
95
920
465
270
133
710
436
355
766
246
105
710
401
705
757
412
496
15
343
196
544
741
798
63
225
441
381
987
863
567
519
28
551
722
30
616
51
615
940
629
842
383
561
925
495
37
915
353
900
661
89
949
738
644
596
874
966
698
372
934
59
579
598
947
161
483
150
19
344
838
105
832
653
784
401
374
701
982
437
152
144
528
147
826
508
622
812
359
462
373
687
259
259
