250
232
591
420
697
444
880
897
700
205
837
90
950
966
271
742
865
829
447
358
570
382
853
403
54
587
469
360
588
369
600
387
231
389
332
582
301
380
968
610
481
350
387
776
823
861
117
443
318
638
81
86
818
692
358
145
59
256
44
302
258
848
261
742
233
903
627
455
301
552
70
688
266
279
669
170
640
395
337
851
896
478
542
500
919
212
940
661
51
331
743
149
64
685
888
469
158
842
580
302
626
950
586
452
107
89
734
487
488
700
445
607
346
221
726
168
524
543
36
677
825
426
586
9
72
619
153
53
759
4
245
997
298
723
486
977
447
926
454
873
828
450
782
623
599
497
239
553
211
102
681
846
910
12
207
488
89
374
611
699
848
532
208
152
164
65
429
1
877
158
169
94
293
318
695
550
587
426
108
259
335
145
748
779
461
712
629
500
581
245
8
935
247
774
426
492
867
359
131
79
146
801
591
478
721
675
967
499
317
608
744
539
136
29
448
328
388
850
290
330
833
919
836
449
978
390
318
482
79
567
979
993
420
187
951
98
447
547
502
12
191
356
154
39
88
733
67
119
740
250
312
312
