5000
518
521
534
897
990
913
20
243
887
944
172
61
406
554
611
628
935
703
441
509
43
107
750
956
458
186
491
251
288
595
57
425
631
386
397
704
109
275
31
232
793
719
918
106
448
483
727
533
29
201
683
959
858
959
844
350
3
296
343
418
940
133
872
476
707
61
429
775
407
86
158
643
101
424
911
453
834
166
32
506
802
688
735
169
408
472
369
218
294
620
813
183
257
695
208
633
324
715
253
777
163
16
329
426
445
480
796
398
722
56
882
661
884
850
752
98
286
84
485
588
188
64
902
203
233
968
389
725
326
611
152
362
391
583
606
474
204
98
922
384
683
651
128
842
770
119
528
528
312
236
608
35
161
494
76
159
37
371
134
952
574
464
591
912
375
533
984
892
811
687
420
807
791
938
480
972
690
141
138
939
182
888
324
77
748
281
468
679
232
633
46
350
948
40
977
532
452
476
438
526
322
524
538
77
968
90
117
628
736
513
825
623
380
272
570
830
226
88
331
525
250
608
344
501
598
7
678
294
42
770
220
736
225
669
214
915
580
412
544
887
240
755
149
51
332
903
53
904
560
909
744
22
102
351
851
497
444
43
291
726
931
652
410
420
505
125
905
916
281
538
710
409
397
538
375
498
818
839
920
555
586
362
567
737
359
436
227
149
926
183
158
560
805
625
707
288
959
259
673
353
109
876
360
772
144
163
111
902
623
187
690
79
450
230
642
408
363
529
458
452
8
426
130
725
28
92
487
389
756
465
504
230
830
306
651
65
284
288
208
990
451
863
417
468
300
246
248
133
700
210
585
294
427
584
589
586
679
235
92
882
255
77
898
590
530
124
8
719
863
905
893
640
76
602
117
306
221
136
808
789
920
42
697
421
193
386
709
441
831
155
381
62
65
536
687
69
466
241
239
594
794
570
167
505
752
215
444
917
423
910
839
724
507
895
159
647
342
832
976
262
85
252
529
634
358
806
125
704
152
628
892
323
737
876
441
876
873
100
606
770
683
402
158
678
97
513
105
316
938
792
951
690
351
860
74
238
437
37
207
987
715
10
866
890
219
184
434
804
874
997
543
120
32
58
336
970
949
342
165
12
320
862
293
277
881
129
214
226
545
481
256
172
477
818
273
473
18
600
310
464
394
2
349
917
690
975
405
927
665
594
458
527
605
464
20
978
551
162
355
678
930
655
748
828
810
379
545
527
779
202
68
779
679
819
944
946
261
197
805
564
159
574
822
66
440
201
27
897
394
397
911
687
157
762
392
647
226
366
798
123
900
517
192
282
243
278
996
235
166
247
595
513
878
248
303
712
3
458
852
279
379
240
349
876
676
347
459
500
722
494
441
536
652
250
531
239
771
83
95
697
334
926
904
208
268
65
887
141
251
255
697
752
449
950
489
175
630
221
361
740
376
464
34
79
555
262
452
14
282
831
177
35
139
345
635
313
498
29
487
576
425
347
688
821
797
772
50
846
923
619
482
761
192
164
403
193
6
794
221
690
528
263
195
888
591
217
420
403
429
20
181
7
798
583
395
611
403
323
449
756
528
621
254
801
190
109
997
781
155
948
655
932
661
777
42
233
771
403
825
892
832
365
691
648
677
499
600
862
813
223
849
903
57
812
487
999
758
143
498
795
29
412
4
113
132
187
725
31
522
692
801
221
859
660
125
651
655
182
311
168
175
978
456
187
570
200
951
701
243
380
683
77
912
443
101
675
852
727
787
130
389
851
390
279
760
839
958
67
110
361
30
474
515
118
68
440
640
379
200
14
795
407
536
442
964
85
745
750
599
316
980
412
801
908
680
93
859
499
270
59
956
768
267
818
277
579
872
696
666
946
656
613
461
722
603
16
105
656
351
30
675
65
187
195
516
694
9
750
766
468
228
363
648
738
313
324
98
333
491
717
438
166
935
797
535
439
607
821
135
470
837
883
813
31
597
878
310
635
416
586
854
628
826
999
428
59
248
444
846
277
285
765
947
885
427
793
147
227
308
617
113
817
765
719
334
233
126
845
907
790
350
610
972
986
866
235
827
79
215
455
898
366
895
633
453
698
126
313
109
509
611
983
982
188
735
614
556
906
90
612
178
141
619
189
421
995
197
797
418
52
933
196
675
992
43
910
794
359
708
360
12
912
927
659
445
756
27
173
449
12
130
226
572
135
598
974
167
126
196
334
816
751
462
67
422
626
580
514
953
454
859
282
570
957
786
128
91
101
489
649
541
996
380
918
809
472
681
87
318
688
508
126
928
308
224
269
242
693
782
462
870
308
857
80
212
8
693
457
772
188
681
315
80
800
897
996
814
144
987
547
837
901
28
48
457
326
268
299
379
711
901
894
506
154
401
961
929
470
243
384
225
594
267
77
437
116
327
2
911
730
311
950
519
214
139
780
647
229
783
691
747
676
960
349
155
548
684
145
370
233
477
649
955
988
658
346
766
898
830
104
257
930
332
405
201
882
196
274
291
862
870
11
714
691
801
290
10
35
732
923
185
368
495
589
355
857
898
153
909
120
256
752
532
360
64
710
243
782
258
460
977
346
557
98
136
852
385
877
972
60
975
957
618
76
318
970
84
482
812
520
554
786
565
572
878
587
561
781
238
485
81
210
592
180
61
560
636
384
339
991
721
138
79
841
356
882
992
74
694
167
393
76
643
187
498
520
87
425
872
341
987
581
347
552
70
594
312
517
138
23
752
511
21
264
26
905
619
81
956
38
502
718
446
929
29
410
505
278
39
470
244
840
718
247
151
129
396
150
715
590
650
647
225
835
290
583
442
268
510
436
646
440
722
167
481
776
381
98
913
904
391
893
576
644
555
67
737
912
856
596
166
150
294
165
168
658
410
301
177
149
603
125
360
135
837
754
849
283
344
457
351
734
516
479
124
463
237
109
485
163
536
968
323
806
589
647
348
991
790
854
131
417
796
931
366
343
226
150
140
690
947
518
424
527
691
915
456
28
91
240
140
644
75
943
117
152
986
709
686
444
685
320
338
402
398
699
264
986
39
937
821
691
256
642
633
870
535
335
653
28
246
701
307
82
667
442
524
758
646
148
307
741
750
82
292
945
478
22
592
274
324
336
129
545
285
281
549
822
697
105
765
286
109
925
177
881
310
479
576
414
474
823
837
500
864
751
526
708
459
194
692
544
403
184
211
445
152
985
238
816
796
868
517
193
80
615
519
80
305
268
634
622
402
792
947
258
184
321
442
730
962
402
819
341
498
160
517
139
487
665
930
808
610
827
258
384
525
56
911
570
13
575
898
342
922
693
159
741
465
593
391
229
901
175
497
765
607
264
441
796
85
96
947
678
512
292
171
673
994
695
229
551
851
317
179
982
863
379
885
393
621
834
999
659
830
80
135
48
629
545
215
124
822
679
869
876
160
468
723
234
690
955
380
249
544
418
912
643
430
802
731
147
540
694
750
17
532
668
884
397
740
78
44
740
801
450
963
326
434
492
371
27
191
312
286
873
627
910
425
611
483
146
42
452
144
371
812
400
871
669
749
79
22
190
507
786
771
340
853
569
629
727
514
484
417
613
123
831
195
287
455
100
68
214
703
546
705
26
119
807
880
440
948
756
334
941
191
797
773
679
442
169
887
299
700
434
853
648
806
189
906
105
913
249
203
56
179
979
409
451
696
195
111
659
523
77
443
849
585
823
56
958
89
360
890
891
79
291
16
974
719
385
227
837
902
359
906
856
825
391
169
977
242
787
226
277
201
508
395
867
223
792
231
840
26
943
797
778
106
477
176
980
708
188
942
974
983
390
480
68
422
534
688
647
957
628
846
705
503
426
146
611
74
132
674
414
36
439
432
120
497
108
324
214
310
914
896
379
694
705
43
796
983
547
771
623
623
387
639
270
105
452
434
840
183
638
193
707
372
485
725
502
430
923
394
952
244
885
3
887
313
60
314
429
797
481
892
860
931
417
672
904
450
36
908
182
566
589
924
442
933
489
397
724
3
463
734
22
140
142
489
161
876
849
642
526
727
70
5
13
59
58
1
93
604
298
501
109
348
116
498
47
685
521
899
839
936
505
820
869
530
405
401
792
445
596
287
948
760
761
608
608
507
191
517
77
372
115
57
167
155
825
442
913
334
470
604
448
523
740
232
883
79
289
352
651
622
702
957
243
801
985
56
452
169
50
42
287
654
454
210
456
757
657
837
903
248
441
242
233
843
705
869
966
75
762
525
495
318
433
586
280
727
680
126
301
666
270
671
52
56
961
505
352
961
14
228
113
634
402
589
752
205
962
421
357
159
859
922
816
768
166
368
131
678
71
828
776
925
199
370
537
753
800
777
488
748
121
781
875
955
85
406
480
859
531
91
699
316
642
869
946
800
880
40
208
610
688
471
526
7
449
818
944
596
736
778
981
668
650
685
23
607
139
628
93
948
569
560
363
106
414
760
405
347
904
412
642
89
643
976
643
186
704
504
957
475
475
49
911
481
582
816
398
840
523
802
15
710
302
208
19
149
181
66
512
219
904
151
922
343
157
438
328
280
776
70
437
928
250
49
44
50
330
640
607
933
160
775
203
935
203
587
457
865
361
580
229
114
131
811
775
555
330
940
805
227
909
904
371
1
657
531
814
479
105
373
31
611
835
632
191
669
427
137
658
455
750
920
268
892
911
120
303
414
167
617
487
917
337
991
64
359
742
168
550
507
535
384
85
728
343
887
375
166
487
157
117
139
731
280
443
83
389
507
362
915
856
971
393
270
87
1
591
647
339
426
952
150
532
858
729
179
892
919
559
92
188
26
410
639
735
433
271
660
525
885
202
401
287
431
807
565
36
637
488
99
659
694
818
592
412
698
221
80
749
661
740
984
806
671
20
916
958
978
827
52
332
689
344
865
828
169
200
18
216
229
703
399
121
657
23
326
260
686
131
188
141
540
152
947
519
285
407
154
317
842
845
415
373
149
721
496
351
162
390
614
373
580
786
792
443
924
748
545
552
888
599
575
403
663
552
612
90
304
328
999
666
34
68
143
503
829
56
480
506
507
959
182
766
59
344
443
979
904
953
788
20
310
840
551
380
256
764
342
791
616
408
38
255
645
858
637
863
409
497
42
246
984
920
730
230
946
728
48
306
930
110
823
775
811
907
834
75
356
466
681
593
41
964
542
445
93
40
323
122
712
505
752
596
868
627
17
477
26
986
695
57
635
176
800
667
252
700
977
547
744
232
62
589
45
74
443
666
635
10
918
968
992
981
63
687
995
946
387
651
438
57
973
13
581
823
632
910
912
220
38
63
137
821
762
678
709
898
576
633
106
85
945
858
463
656
118
23
73
664
847
138
764
216
334
439
133
914
643
949
137
83
504
494
627
718
99
495
952
252
163
806
931
108
500
5
83
719
792
5
247
160
397
620
377
773
701
667
584
234
456
576
253
276
464
969
365
921
896
593
1
425
545
102
367
297
270
621
585
708
992
714
913
315
605
376
34
18
331
938
532
461
140
300
720
166
30
772
506
988
179
870
105
256
171
854
9
350
801
415
758
635
206
923
779
681
442
846
723
415
925
485
508
402
594
964
542
762
13
489
392
317
130
256
514
449
833
30
541
799
8
333
984
378
298
382
182
893
356
428
756
52
985
872
847
461
193
613
922
217
844
411
992
696
296
636
689
149
148
689
734
607
949
550
14
311
557
337
647
335
604
543
115
337
429
582
820
377
683
615
169
593
745
184
594
86
41
36
779
761
298
694
699
28
840
716
6
184
997
306
705
56
832
930
43
940
448
849
4
192
313
26
857
869
157
704
738
664
246
53
337
23
12
675
388
703
316
448
801
267
901
102
954
935
899
211
896
995
618
751
913
485
236
208
231
195
407
271
406
114
272
533
291
324
802
241
346
15
955
72
462
722
623
110
373
94
963
691
230
542
260
544
871
846
146
699
866
408
635
984
465
164
154
505
163
279
451
440
708
694
40
618
51
246
631
809
885
566
805
417
150
226
50
247
139
604
170
333
570
784
964
396
349
378
64
359
539
549
745
474
454
666
579
62
665
949
811
547
171
206
409
482
905
241
881
484
292
808
12
601
547
52
927
407
1
196
7
279
791
912
458
658
908
156
568
819
715
492
7
567
733
861
795
579
728
527
969
565
841
450
340
278
800
648
134
421
62
224
783
921
41
583
590
634
491
42
510
488
458
466
829
279
209
781
90
810
939
220
218
828
114
945
432
285
788
230
200
736
306
774
185
347
389
788
853
831
719
458
179
843
786
32
690
787
935
287
867
741
281
342
830
223
380
856
65
810
338
430
915
203
334
653
457
201
373
585
401
178
456
643
641
77
247
798
111
659
758
683
717
705
521
751
162
149
223
876
659
674
795
867
667
117
506
205
993
146
698
930
823
67
415
49
517
295
338
959
267
958
101
424
79
361
292
336
839
542
172
51
666
953
437
406
118
374
136
598
299
538
199
8
372
563
907
687
500
259
30
674
786
511
276
529
323
497
188
466
114
211
572
262
212
840
126
664
122
865
925
369
191
361
64
795
451
867
845
737
124
376
553
709
792
435
47
246
74
89
108
682
478
428
716
948
991
771
219
770
900
127
653
207
249
407
304
884
354
27
993
393
777
949
429
311
210
912
443
970
796
602
853
647
520
758
214
86
404
786
722
375
465
242
114
2
525
705
470
556
245
901
467
972
971
662
753
348
307
214
822
404
617
548
969
339
38
154
625
417
951
151
701
911
292
990
309
125
495
203
627
101
395
368
487
260
856
330
724
691
497
974
187
977
411
296
841
502
400
288
331
928
875
226
936
97
241
241
883
977
262
700
567
386
669
792
376
123
988
886
431
848
382
716
745
505
124
118
40
337
151
141
660
573
49
581
831
699
731
613
809
773
11
24
286
684
262
729
814
351
345
631
881
848
53
624
723
114
357
503
916
450
879
838
267
256
123
368
568
542
165
364
333
586
715
461
702
736
679
895
337
766
595
721
284
373
638
569
431
395
191
711
444
51
321
737
756
54
911
934
517
763
595
547
159
633
86
444
619
81
978
374
87
571
610
913
583
144
101
385
577
828
271
575
316
398
723
764
559
698
36
695
892
324
656
406
888
818
781
473
955
619
249
82
814
957
235
558
241
554
287
388
827
439
130
561
290
492
453
2
60
300
818
248
658
772
730
27
706
524
854
304
205
439
353
476
131
952
303
844
266
552
220
159
622
723
771
70
781
26
862
524
970
330
421
744
690
241
371
236
323
645
465
375
165
887
905
520
6
523
903
289
499
777
654
558
239
803
496
998
708
580
389
485
956
841
238
505
178
718
980
751
163
887
828
487
901
889
512
892
522
931
896
485
143
941
869
7
106
848
984
536
587
67
928
456
515
953
537
891
284
549
728
577
799
299
419
740
966
519
255
451
873
333
681
91
548
462
717
11
366
736
620
232
878
429
434
11
101
573
354
419
53
198
724
661
646
68
428
704
874
825
428
947
615
633
211
73
241
350
924
931
687
972
77
292
576
586
784
563
499
377
628
130
565
253
446
787
893
556
466
858
815
896
522
980
170
586
264
201
209
340
633
12
330
849
142
137
60
629
890
455
454
38
600
209
347
691
404
727
698
593
516
268
628
186
457
216
574
152
952
793
431
275
206
654
459
867
794
208
185
267
55
291
544
701
450
852
25
380
71
641
625
16
138
516
22
84
72
847
478
92
496
704
660
740
269
939
708
398
538
25
628
524
588
529
307
711
190
385
237
844
53
727
330
456
923
884
40
737
860
304
403
831
235
571
457
948
12
402
990
595
979
487
482
686
660
312
619
593
806
631
787
267
511
115
499
383
200
779
785
118
950
217
235
550
898
308
470
869
736
61
564
565
656
435
101
496
417
561
316
277
647
530
53
752
834
26
41
394
985
423
387
351
345
628
981
546
119
847
969
619
650
685
346
779
114
448
194
600
342
305
76
575
73
4
641
835
564
161
523
751
189
772
221
280
407
453
767
831
202
131
628
90
920
325
476
740
242
909
171
245
858
276
536
912
338
78
299
237
564
360
859
174
70
708
380
290
592
196
90
985
139
359
555
836
966
80
128
893
845
304
738
224
199
738
677
300
739
247
69
878
448
494
249
879
939
460
393
381
433
906
319
260
878
478
577
207
10
132
574
799
477
778
739
72
512
579
446
567
3
97
694
131
248
618
367
870
112
293
194
485
782
393
447
929
838
926
771
729
876
9
500
540
519
945
255
514
220
646
629
835
930
166
280
337
339
371
800
478
115
431
345
42
288
689
89
894
672
624
245
743
33
120
565
390
505
938
943
158
633
333
985
247
287
70
197
558
612
621
735
148
140
245
501
818
137
758
735
535
293
224
172
287
899
523
221
731
708
719
638
446
809
417
612
944
943
868
241
589
895
370
901
486
745
677
133
978
34
460
253
810
131
595
72
227
383
949
769
211
964
633
190
847
661
145
582
293
270
678
38
214
630
901
752
543
812
924
497
406
442
765
636
615
654
573
345
643
688
81
678
170
749
214
565
301
320
571
811
366
776
549
706
719
792
177
912
357
748
372
855
276
64
208
5
379
135
949
49
466
354
75
146
292
516
239
187
923
748
143
187
665
2
578
755
647
61
489
857
743
943
767
940
876
582
608
860
920
668
716
937
355
560
335
915
533
267
38
531
942
591
539
947
99
661
274
251
809
251
361
859
335
469
658
682
677
637
26
580
550
433
559
740
835
670
537
331
276
385
43
972
900
296
757
301
218
29
185
219
542
975
691
170
871
40
67
174
654
71
979
176
420
215
601
692
683
28
905
664
752
711
600
877
99
468
449
311
680
591
756
302
217
574
159
464
738
209
425
893
858
406
900
289
132
170
392
320
555
14
735
663
702
879
23
949
294
482
506
12
989
928
456
668
999
286
871
524
762
829
752
167
238
584
851
446
584
838
158
474
876
332
168
378
292
885
895
823
646
344
901
792
466
860
140
167
856
671
258
179
243
754
89
899
712
949
485
553
75
417
289
606
971
565
215
218
281
927
632
912
910
796
772
18
477
837
669
739
816
284
230
496
250
792
174
535
487
487
258
654
661
272
86
306
450
970
32
263
435
476
280
499
888
684
757
909
914
584
781
69
478
596
571
213
159
910
377
282
631
305
890
927
752
707
752
82
839
526
446
836
187
610
577
83
120
564
585
667
921
987
205
497
769
168
592
436
445
691
880
580
897
371
77
938
967
979
634
396
469
230
723
306
560
591
257
975
836
563
912
845
868
239
30
174
954
73
26
567
717
32
107
821
787
498
455
139
237
565
718
940
604
652
603
159
327
691
602
140
147
487
406
982
584
230
326
469
895
570
181
502
16
104
403
318
884
579
810
621
157
677
375
173
829
722
563
308
427
280
255
294
495
188
84
472
832
189
9
626
556
29
338
63
346
554
968
526
412
74
538
115
589
33
347
102
681
787
349
658
631
146
269
248
345
168
903
695
36
576
962
672
769
97
403
690
472
957
36
510
66
743
362
242
513
871
997
314
535
905
749
917
456
77
414
502
137
440
590
390
258
221
400
575
236
129
801
376
955
523
304
667
79
631
290
15
133
212
797
257
737
393
616
663
329
694
736
92
478
642
737
280
429
719
489
648
791
853
630
862
443
51
617
694
543
308
827
589
225
385
77
776
987
624
143
654
5
524
360
681
591
394
130
952
823
71
218
210
910
301
59
67
214
131
893
808
984
349
440
262
742
784
11
890
974
79
386
397
231
333
545
908
7
912
342
979
786
573
510
491
465
975
978
783
962
599
309
217
179
71
267
727
668
894
867
829
258
639
42
953
659
704
991
978
517
862
565
299
713
959
598
791
738
273
894
611
838
242
728
836
230
520
77
573
116
548
494
313
406
137
470
7
13
866
395
512
364
476
704
838
276
796
637
883
678
162
88
148
744
750
382
264
883
705
489
33
686
454
70
86
375
154
968
181
505
773
256
637
692
913
704
389
902
120
576
677
407
100
5
430
866
925
800
994
102
83
428
990
64
950
95
698
145
68
294
595
495
435
930
334
239
863
145
736
499
331
272
121
984
209
911
614
471
128
992
892
889
296
836
223
875
33
629
536
602
351
445
681
414
494
937
30
289
413
77
30
435
333
865
362
408
697
788
924
941
988
878
910
355
154
641
913
787
614
791
107
677
117
676
248
923
53
517
447
860
156
104
416
766
928
389
151
884
534
486
832
69
356
967
59
41
872
959
388
861
43
499
571
723
920
781
794
327
760
433
691
158
551
725
909
710
455
643
501
323
372
120
503
594
507
291
629
490
555
566
130
157
873
465
523
151
802
610
70
248
132
29
601
270
533
917
519
380
682
312
596
108
716
722
479
994
594
582
657
69
934
603
22
583
874
437
23
316
591
850
894
530
135
535
342
110
374
975
627
756
950
331
946
99
352
138
618
524
356
708
648
38
348
539
849
999
302
690
882
651
447
45
214
412
17
623
251
616
791
597
613
917
560
503
793
895
17
179
285
508
65
347
542
874
985
386
53
572
417
775
191
45
665
873
420
938
380
213
930
195
313
224
727
516
421
372
773
339
322
21
790
878
740
922
940
841
363
158
729
374
247
506
104
483
714
668
912
625
516
526
591
422
882
621
222
508
936
337
819
277
923
852
72
965
589
782
565
810
67
583
877
237
606
209
873
930
544
198
907
376
983
393
653
985
720
719
724
129
144
19
318
572
947
772
645
536
726
628
991
332
734
67
908
856
359
208
124
458
129
685
508
648
433
811
584
878
439
702
863
121
116
884
523
356
666
946
778
89
113
201
606
961
288
905
388
141
940
574
398
637
265
83
15
864
694
744
996
853
397
341
142
211
593
107
204
544
414
999
941
388
775
205
832
819
426
740
42
819
121
118
924
165
620
600
487
76
97
183
992
113
313
581
72
840
878
693
560
589
764
665
491
256
244
495
600
425
354
279
6
287
21
631
658
754
30
475
561
889
55
451
758
259
126
381
539
136
977
843
374
493
951
693
606
616
271
500
63
761
769
255
327
713
383
377
563
262
45
0
509
615
894
757
410
485
102
798
438
147
995
573
419
67
545
988
480
777
776
910
573
596
99
635
714
393
81
842
139
77
733
796
554
697
929
4
86
26
201
326
543
316
771
582
121
435
370
15
759
979
55
605
894
56
985
84
538
348
892
718
209
751
722
335
436
366
798
842
295
855
680
482
634
207
773
371
458
797
683
450
228
178
229
832
674
445
20
679
85
181
514
156
949
885
500
718
221
566
35
975
507
625
959
640
878
484
241
610
124
439
591
74
752
90
953
641
167
318
727
867
56
175
825
250
170
261
963
696
696
